7377376 7653
[2][2][3][3][3][3][2] 66[2][2]7
737376 7653
3363365 333353

[2][2][5] [5][5][6][3] [3][3][7][#4][#4][3][3][2][3]
[3][2][3][2][5] [5][5][6][6][6][7] [2]7
[2][2][5] [5][5][3][6][6] [3][3][3][7][#4][#4][3][3][2][3]
[3][2][3][2][5][3][3] 6653

737376 7653
[2][3][2][3][3][2] [2][2][3]7
737376 765635
5565 33633

(6)(7)3232(3) (5)(6)(6) (7)2(7)2(7)
(6)(7)3232(3) (5)(6)(6) (7)2(7)2(7)
67665667[2]7[2]7
[3][3][3]6565673

[2][2][5] [5][5][6][3] [3][3][7][#4][#4][3][3][2][3]
[3][2][3][2][5] [5][5][6][6][6][7] [2]7
[2][2][5] [5][5][3][6][6] [3][3][3][7][#4][#4][3][3][2][3]
[3][2][3][2][5][3][3] 6653

[2][2][5] [5][5][6][3] [3][3][7][#4][#4][3][3][2][3]
[3][2][3][2][3][2][5] [5][6] [2]7
[2][2][5] [5][5][6][3] [3][3][7][#4][#4][3][2][3]
[3][2][3][2] 6653
