556[1]656 65566665[1]6
4[1][2][2][1][1][2] [2]455555465
556[1]656 655666[1]656
4[1][2][2][1][1][2] [2]455555465

44344 344463
65455 55546#665

[2][3][4][4][4][4][4][4][6][6][5] [2][3][3][3][3][3][3][3][5][5][4]
[1][1][1][1]#6#6#6[4][3] [3][3][5][4][5][4][5][4][5]{1}[6]
[2][2][3][4][4][4][4][4][4][6][6][5] [4][3][4]{1}{1}{1}{1}[3][5][#4]
[1][1][1][1]#6#6#6[4][3][1][1]#6#66

556[1]656 65566665[1]6
4[1][2][2][1][2]4 545555[1]645
556[1]656 655666[1]656
4[1][2][2][1][1][2] [2]455555465

44344 344463
55445 55546#665

[2][3][4][4][4][4][4][4][6][6][5] [2][3][3][3][3][3][3][3][5][5][4]
[1][1][1][1]#6#6#6[4][3] [3][3][5][4][5][4][5][4][5]{1}[6]
[2][2][3][4][4][4][4][4][4][6][6][5] [4][3][4]{1}{1}{1}{1}[3][5][#4]
[6][6][#6]{1}[#6][#6][6][6][5] [5][4][5][4][5][4][5][4][5][4][5][6]
[2][2][3][4][4][4][4][4]{1}{1}[5] [4][3][4]{1}{1}{1}{1}{1}[3][5][6]
[6][6][#6]{1}[#6][#6][#6][6][6][5] [5][4][5][4][5][4][5][4][5][4][5][6]
[2][2][3][4][4][4][4][4]{1}{1}[5] [4][3][4]{1}{1}{1}{1}{1}[4][5][6]

[6][6][#6]{1}[#6][#6][6][6][5] [5][1][6][5][5][3][5][4]
