[2][2][2][2][2][2][6][2][3][#4]
[#1][#1][#1][#1][3][2][#1][2]
[2][2][2][2][#4][3][2][3][#4]
[#1][#1][#1][#1][3][2][#1][2]

7[2][3][#4][3][2]7[2]7 #467
77[2][3][#4][3][2] 7[7][6][#4][3][2]7
77[2][3][#4][3][2] 7[2]7 #467
77[2][3][#4][3][2] 7[6][6][7][7][7]

7[2][3][#4][3][2]7[2]7 #467
77[2][3][#4][3][2] 7[7][6][#4][3][2]7
77[2][3][#4][3][2] 7[2]7 #467
77[2][3][#4][3][2] 7[6][6][7][7][7]

[2][2][2][2][2][2][6][2][3][#4]
[#1][#1][#1][#1][3][2][#1][2]
[2][2][2][2][#4][3][2][3][#4]
[#1][#1][#1][#1][3][2][#1][2]

[2][2][2][2][2][#4][3][2][3]
[2][2][2][2][3][#4][5][#4]
[2][2][2][2][3][#4][2][3]
[#1][#1][#1][#1][3][2][#1][2]

[2][2][2][#4][6][#4][3][2][3]
[#1][#1][#1][#1][#1][3][2][#1][2]
[2][2][2][2][2][2][2][2][#4][6][7][6]
[6][#4][3][2][6][#4][2][3]

[2][2][3][#4][5][6][2][3]
[2][3][#4][5][6][6][6][7][6]
[2][3][#4][5][6][6][6][6]{2}{#1}[6]
[#4][3][2][3][#4][3][2][#4]

[2][3][#4][5][6][6][6]{2}{#1}[6]
[#4][3][2][3][#4][3][2][3][#4]
[2][3][#4][5][6][6][6][6]{2}{#1}[6]
[#4][3][2][3][3][3][#4][3][2][#1][2]

7[2][3][#4][3][2]7[2]7 #467
77[2][3][#4][3][2] 7[7][6][#4][3][2]7
77[2][3][#4][3][2] 7[2]7 #467
77[2][3][#4][3][2] 7[6][6][7][7][7]

7[2][3][#4][3][2]7[2]7 #467
77[2][3][#4][3][2] 7[7][6][#4][3][2]7
77[2][3][#4][3][2] 7[2]7 #467
77[2][3][#4][3][2] 7[6][6][7][7][7]

2222#4323
22223#45#4
2222#4323#4
#1#1#1#132#12

22222#4323
222223#45#4
222223#423#4
#1#1#1#132#12

[2][2][2][#4][6][#4][3][2][3]
[#1][#1][#1][#1][#1][3][2][#1][2]
[2][2][2][2][2][2][2][2][#4][6][7][6]
// [6][#4][3][2][6][#4][2][3]

[2][2][3][#4][5][6][2][3]
[2][3][#4][5][6][6][6][7][6]
[2][3][#4][5][6][6][6][6]{2}{#1}[6]
[#4][3][2][3][#4][3][2][#4]

[2][3][#4][5][6][6][6]{2}{#1}[6]
[#4][3][2][3][#4][3][2][3][#4]
[2][3][#4][5][6][6][6][6]{2}{#1}[6]
[#4][3][2][3][3][3][#4][3][2][#1][2]

[2][2][3][#4][5][6][2][3]
[2][2][3][#4][5][6][6][6][7][6]
[2][3][#4][5][6][6][6][6]{2}{#1}[6]
[#4][3][2][3][3][#4][3][2][3][#4]

[2][3][#4][5][6][6][6][6]{2}{#1}[6]
[#4][3][2][3][#4][3][2][3][#4][6]
[2][3][#4][5][6][6][6][6]{2}{#1}[6]
[#4][3][2][3][3][3][#4][3][2][#1][2]

7[2][3][#4][3][2]7[2]7 #467
77[2][3][#4][3][2] 7[7][6][#4][3][2]7
77[2][3][#4][3][2] 7[2]7 #467
77[2][3][#4][3][2] 7[6][6][7][7][7]

7[2][3][#4][3][2]7[2]7 #467
77[2][3][#4][3][2] 7[7][6][#4][3][2]7
77[2][3][#4][3][2] 7[2]7 #467
77[2][3][#4][3][2] 7[6][6][7][7][7]
