3 7 6 5 #4 5 6    2 3 #4 5  6 #4 3 2    (7) 1 2 3  5 6 2 7
3 7 6 [2] #4 5 6    2 3 #4 5  5 6 [2] 7 [#4 5    5 #4 3 3 2]    7 [#4 3]

7 7 6 7 2 7 7  6 6 6 5 6 7 3 5    7 7 6 7 [#4 2  2 3 2] 7 6
7 7 6 7 2 7 7  6 6 6 5 6 7 3 5    [2 3 #2 3 #4]

[5 #4 3 2] 7  [6 5 3 2] 7  6 [2] 7 [2 3]
[3 2] 7 6 5  3 5 [2 3] 7
[5 #4 3 2] 7  [6 5 3 2] 7  6 [2] 7 [2 3]
[5 #4 3  5 #4 3 2] 7 [#4 3]


3 7 6 5 #4 5 6    2 3 #4 5  6 #4 3 2    (7) 1 2 3  5 6 2 7
3 7 6 [2] #4 5 6    2 3 #4 5  5 6 [2] 7 [#4 5    5 #4 3 3 2]    7 [#4 3]

7 7 6 7 2 7 7  6 6 6 5 6 7 3 5    7 7 6 7 [#4 2  2 3 2] 7 6
7 7 6 7 2 7 7  6 6 6 5 6 7 3 5    [2 3 #2 3 #4]

[5 #4 3 2] 7  [6 5 3 2] 7  6 [2] 7 [2 3]
[3 2] 7 6 5  3 5 [2 3] 7
[5 #4 3 2] 7  [6 5 3 2] 7  6 [2] 7 [2 3]
[5 #4 3  5 #4 3 2] 7 [#4 3]

[5 #4 3 2] 7  [6 5 3 2] 7  6 [2] 7 [2 3]
[3 2] 7 6 5  3 5 [2 3] 7
[5 #4 3 2] 7  [6 5 3 2] 7  6 [2] 7 [2 3]
[5 #4 3  5 #4 3 2] 7 [#4 3]
