55256656665#45 55256656665#45
5525665[2][2]6765 55256656 66765

567[1][2]5566 #4562[2]66765
5672[2]5566 #4#456[1]7665766

2[2][1]7667 7[2][3][2][3][2]6
6[5][#4][5][#4][3][5][#4][2]7
7[5][#4][5][#4][3][5][#4][2]7
776677665766
2[2][1]7667 7[2][3][2][3][2]6
6[5][#4][5][#4][3][5][#4][2]7
7[5][#4][5][#4][3][5][#4][2]7
766766666676565

55256656665#45 55256656665#45
5525665[2][2]6765 55256656 66765

567[1][2]5566 #4562[2]66765
5672[2]5566 #4#456[1]7665766

2[2][1]7667 7[2][3][2][3][2]6
6[5][#4][5][#4][3][5][#4][2]7
7[5][#4][5][#4][3][5][#4][2]7
776677665766
2[2][1]7667 7[2][3][2][3][2]6
6[5][#4][5][#4][3][5][#4][2]7
7[5][#4][5][#4][3][5][#4][2]7
76676666667
2[2][1]7667 7[2][3][2][3][2]6
6[5][#4][5][#4][3][5][#4][2]7
7[5][#4][5][#4][3][5][#4][2]7
776677665766
2[2][1]7667 7[2][3][2][3][2]6
6[5][#4][5][#4][3][5][#4][2]7
7[5][#4][5][#4][3][5][#4][2]7
766766666676565
