121 3555 553652
121 35565 5553
(5)44 5 5655553
(6)(6)1(6) 1(6) (5)2132

5555 56552
1145 5655553
(5)4456 55551
(6)(6)1(6)1(6)1(6)1(6)3211

45655 114445655
45655 1144332

12355 553232
(6)1(6)1(6)1(6) 1(6)233
(5)(5)(5)(6)111(6)(5)351
1112122 2215655
12355 553232
11(6)11(6)(5)1(6)233
(5)(6)(5)(6)1635555321
(5)1(5)11 (5)22 (5)1(5)11

45655 114445655
45655 1144332

12355 553232
(6)1(6)(6)1(6)1111(6)323
(5)(6)(5)1111(6)(5)551
(6)1(6)1(6)12 211635
12355 553232
11(6)11(6)111(6)323
(5)(6)(5)(6)1 63555531
(6)1(6)1(6)32 22

12355 553232
(6)1(6)1(6)1(6) 1(6)233
(5)(5)(5)(6)111(6)(5)351
1112122 2215655
12355 553232
11(6)11(6)(5)1(6)233
(5)(6)(5)(6)1635555321
(5)1(5)11 (5)22 (5)1(5)11

121 3555 553652
121 35565 5553
(5)44 5 5655553
(6)(6)1(6) 1(6) (5)(6)1(5)(5)
