[5][#4][5] [5][#4][5] [5][#4][3][2][2]
7[2][3] [3][5][6] [5][6][7]

[3][5][#4][2][3][2] 6565656[1]733 3 56 767[2]
[3][5][#4][2][3][2] [2][2][7][6][7][6][7]{1}[7][5] [5][#4][#4][5][6]
[5][6][7][5][3][5][7][6] [5][6][5][3][5]{2}
[5][6][5][3][5][7][6] [6][7][6][7]{2}[7][6][5] [5][#4][#4][5][6]
[5][#4][5] [5][#4][5] [5][5][5][#4][3][4][3][2][2]
7[2][3] [3][5][6][7][6][5][6][7]

[2][2][7] [6][7]{2}[7][6][7][7] [5][5][6][7]{2}[7][6][7][7]
[2][2][5][#4] [2][2][5][6][5] {2}{1}[7]{1}[7][6][5][5]
[5][6][7][6] [6][7]{2}[7]
[2][2][7] [6][7]{2}[7][6][7][7] [5][5][6][7]{2}[7][6][7][5]
[5][5][6][7] [7]{5}{#4}{2}[7][6][5][5]
[5][6][7][6] [2][2][3]

[3][5][#4][2][3][2] 6565656[1]7(3) 356767[2]
[3][5][#4][2][3][2] [2][2][7][6][7][6][7]{1}[7][5] [5][#4][#4][5][6][7]
[6][6][6][6][5][6][6][5][6][5][3] [6][6][6][6][5][6][6][7][6][5]
{2}{2}{2}{1}[7]{1}[7][6][7][6][5] [3][5][6][7][6]
[6][6][5][#4][3][2] [6][6][6][5][#4][5][6][5][7]{1}[7]{1}[7]

[2][2][7] [6][7]{2}[7][6][7][7] [5][5][6][7]{2}[7][6][7][7]
[2][2][5][#4] [2][2][5][6][5] {2}{1}[7]{1}[7][6][5][5]
[5][6][7][6] [6][7]{2}[7]
[2][2][7] [6][7]{2}[7][6][7][7] [5][5][6][7]{2}[7][6][7][5]
[5][5][6][7] [7]{5}{#4}{2}[7][6][5][5]
[5][6][7][6] [6][6][7]

[5][5][#4][#4][#4][2][1]7 [5][5][6][6][6][7][#4][5]
[5][5][#4][#4][#4][2][1]7 [5][5][6][6]{2}{1}[7][5]
[5][5][#4][#4][#4][2][1]7 [5][5][5][6][6][7][#4][5]
[5][6][7][7] [2][2][2]{2}{2}[6][6][7][7]

[2][2][7] [6][7]{2}[7][6][7][7] [5][5][6][7]{2}[7][6][7][7]
[2][2][5][#4] [2][2][5][6][5] {2}{1}[7]{1}[7][6][5][5]
[5][6][7][6] [6][7]{2}[7]
[2][2][7] [6][7]{2}[7][6][7][7] [5][5][6][7]{2}[7][6][7][5]
[5][5][6][7] [7]{5}{#4}{2}[7][6][5][5]
[5][6][7][6] [6][6][7]

[5][6][7][6] [2][2][3]
