[2][3][#4] [3][2][3] [#4][3][2][2]
7[2][2][3][#4] [3][2][3] [#4][#4]
[7] [6][#4][3][#4] [3][2][3] [#4][3] [2]
[#1][2]

[2][3][#4] [3][2][3] [#4][3][2][2]
7[2][2][3][#4] [3][2][3] [#4][#4]
[7] [6][#4][3][#4] [3][2][3] [#4][3] [2][#1][2]

[2][7][7][6][6] [#4][#4][6][#4][6][7][#4][3][2]
7 [#4][3][2][3][#4][6]
[2][7] [7][6][6] [#4][6][#4][6][7]
[2][3][#4] [5][6][3] [2][3][2]

[2][7][7][6][6][#4][#4][6][#4][6][7][#4][3][2]
7 [#4][3][2][3][#4][6]
[2][7] [7][6] [#4][#4]{#1}[7]{#1}{2}
[2][3][#4] [5][6][3] [2][3][2]

[2][3][#4] [3][2][3] [#4][3][2][2]
7[2][2][3][#4] [3][2][3] [#4][#4]
[7] [6][#4][3][#4] [3][2][3] [#4][3] [2]
[#1][2]

[2][3][#4] [3][2][3] [#4][3][2][2]
7[2][2][3][#4] [3][2][3] [#4][#4]
[7] [6][#4][3][#4] [3][2][3] [#4][3] [2][#1][2]

[2][7][7][6][6] [#4][#4][6][#4][6][7][#4][3][2]
7 [#4][3][2][3][#4][6]
[2][7] [7][6][6] [#4][6][#4][6][7]
[2][3][#4] [5][6][3] [2][3][2]

[2][7][7][6][6][#4][#4][6][#4][6][7][#4][3][2]
7 [#4][3][2][3][#4][6]
[2][7] [7][6] [#4][#4]{#1}[7]{#1}{2}
[2][3][#4] [5][6][3] [2][3][2]

[2][3][#4][6][3] [2][3][#4][3][2][#1][2]
[2][3][#4] [6][3] [2][3][#4][6][3][2][2]
[2][3][#4][6][3] [2][3][#4][3][2][#1][2]
[#4][3][2][2][2]

[2][7][7][6][6] [#4][#4][6][#4][6][7][#4][3][2]
7 [#4][3][2][3][#4][6]
[2][7] [7][6][6] [#4][6][#4][6][7]
[2][3][#4] [5][6][3] [2][3][2]

[2][7][7][6][6][#4][#4][6][#4][6][7][#4][3][2]
7 [#4][3][2][3][#4][6]
[2][7] [7][6] [#4][#4]{#1}[7]{#1}{2}
[2][3][#4] [5][6][3] [2][3][2]

[2][7][7][6][6] [#4][#4][6][#4][6][7][#4][3][2]
7 [#4][3][2][3][#4][6]
[2][7] [7][6][6] [#4][6][#4][6][7]
[2][3][#4] [5][6][3] [2][3][2]

[2][7][7][6][6][#4][#4][6][#4][6][7][#4][3][2]
7 [#4][3][2][3][#4][6]
[2][7] [7][6] [#4][#4]{#1}[7]{#1}{2}
[2][3][#4] [5][6][3] [2][3][2]
