56[1][1][2][3][6][5][3][2][1] [1][2][1]7[1][4]6[1][1][3][2]
[2][3][2][#1][2][5]7[2][3][2][2][1] [1][2][1]7[1][4]6[1]665
56[1][1][2][3][6][5][3][2][2][1] [1][2][1]7[1][4]6[1][1][3][2]
[2][3][2][#1][2][5]7[2][3][2][2][1] [1][2][1]7[1][4]6[1][1][2][1]

[3][4][3][2][3][4][3][2][3][4] [4][5][4][5][4][3][2][1][2][3]
[3][3][2][1][3][3][2][2][2][#1][2] [2][2][3][4][2][6][5][5][#4][5]

[3][4][3][4][5] [3][4][3][4][5]
[5][6][5][6][7]{1}[3][3][6][6][5]
[1][2][1][4][3][2][1] [4][3][2][1]
[1][2]6[1][3][5]
[3][4][3][4][5] [3][4][3][4][5]
[5][6][5][6][7]{1}[3][3][6][6][5]
[1][2][1][4][3][2][1] [4][3][2][1]
[1][2]6[1][2][1]

56[1][1][2][3][6][5][3][2][1] [1][2][1]7[1][4]6[1][1][3][2]
[2][3][2][#1][2][5]7[2][3][2][2][1] [1][2][1]7[1][4]6[1]665
56[1][1][2][3][6][5][3][2][2][1] [1][2][1]7[1][4]6[1][1][3][2]
[2][3][2][#1][2][5]7[2][3][2][2][1] [1][2][1]7[1][4]6[1][1][2][1]

[3][4][3][2][3][4][3][2][3][4] [4][5][4][5][4][3][2][1][2][3]
[3][3][2][1][3][3][2][2][2][#1][2] [2][2][3][4][2][6][5][5][#4][5]

[3][4][3][4][5] [3][4][3][4][5]
[5][6][5][6][7]{1}[3][3][6][6][5]
[1][2][1][4][3][2][1] [4][3][2][1]
[1][2]6[1][3][5]
[3][4][3][4][5] [3][4][3][4][5]
[5][6][5][6][7]{1}[3][3][6][6][5]
[1][2][1][4][3][2][1] [4][3][2][1]
[1][2]6[1][2][1]

[3][4][3][4][5] [3][4][3][4][5]
[5][6][5][6][7]{1}[3][3][6][6][5]
[1][2][1][4][3][2][1] [4][3][2][1]
[1][2]6[1][3][5]
[3][4][3][4][5] [3][4][3][4][5]
[5][6][5][6][7]{1}[3][3][6][6][5]
[1][2][1][4][3][2][1] [4][3][2][1]
[1][2]6[1][2][1]

[1][2][1][4][3][2][1] [4][3][2][1]
[1][2]6[1][2][1]
