(44566) (664#6#6)
(6#6)11 111(#6#6)
(6#6)11 111(#6#6)
(6#665) (545)

(44566) (664#6#6)
(6#6)11 111(#6#6)
(6#6)11 111(#6#6)
(6#665) (545)

(4)3 44 1344
134 5563344
1(#66) (6#456)1(7)166

242625 321 55434
242625 56#6[#1]654
2426[21] 543 #666
432 432 2432
2432 2465 [1]6[2]

(44566) (664#6#6)
(6#6)11 111(#6#6)
(6#6)11 111(#6#6)
(6#665) (545)

(4)3 44 1344
134 5563344
1(#66) (6#456)1(7)166

242625 321 55434
242625 56#6[#1]654
2426[21] 543 #666
432 432 2432
2432 2465 [1]6[2]

434 3 134 54 134 3 45554 434 5

242625 321 55434
242625 56#6[#1]654
2426[21] 543 #666
432 432 2432
242625 321 55434
242625 56#6[#1322]
2426[211] 543 #666
432 432 2432

2432 2465 [1]6[2]
