7[2]76[2]55#43#432 7[2]76[2]55#45

[2]7656567[2][3]7 [3]55[3][2]55357[2]76
77677[#4][5][#4][3][2][3][2]765 [2]55[3][2]553565

[2]7656567[2][3]7 [3]55[3][2]55357[2]76
77677[#4][5][#4][3][2][3][2]765 [2]55[3][2]553565

#4#477 333777765
[3][2] [2]7[3][2] 7[2][3][#4][2]

[5][#4][3][2][3][2]76567
[5][#4][3][2][3][2]76565

[5][#4][3][2][3][2]76565
535677 765377 76537[2]7[3]567
7653667[2]76 653667[3]7[2]
7[2]7[3][3] [#4][3][2]77
[2]7[1][2]567 7653667[2]76 653667[3]7[2]

7[2]76[2]55#43#432 7[2]76[2]55#45

[2]7656567[2][3]7 [3]55[3][2]55357[2]76
77677[#4][5][#4][3][2][3][2]765 [2]55[3][2]553565

[2]7656567[2][3]7 [3]55[3][2]55357[2]76
77677[#4][5][#4][3][2][3][2]765 [2]55[3][2]553565

#4#477 333777765
[3][2] [2]7[3][2] 7[2][3][#4][2]

[5][#4][3][2][3][2]76567
[5][#4][3][2][3][2]76565
[5][#4][3][2][3][2]76567
[5][#4][3][2][3][2]76565

[5][#4][3][2][3][2]76565
