[2]765 6#432
[#4][3][#4][2][3][#1]767[#1]7[2] 767[2]67[1]765
[2]#46352 352

[#4][3][2]6 [6][#4][3][2]
[#4][3][#1]7[3][#1]76 [6][#4][3][6][#4][3][2] {2}{#1}[7]{2}[6][7]{3}
[7][6][7]{2}[7]{2}{3}{2}{3}{#4}{3}{#4} {6} {7} <2>
{2}{5}{3}{2}[7]{2}[6] [7] 7 23567[2][3][5][6]

{2} {3}{2} {2}{3}{5}{3}{2}[7][6]
[6]{6}{#4}{3}{6}{#4}{3}{2} {3}{2}{2} {3}{2}{2}
{3}{2}{3}{5}{#4}{3}{5}{2}{3}{1}{2}[7][6][7]
{2}{3}{2}[7][6][5][6] [7]{3}{5}{3}{2}[7][6][7]{2}[7]
[6][7][6][#4][3][2][3][5][2]
[3][5][2] [2][3][5][3][2]767[2]767[2][5][3][2]765
[7][6][7][6][#4][3][6][#4][3][2]

[2][2]767[2]67 [2][3][6][#4][3][2] [3][5][3]{2}[7][6][7]{2}[6][5] [3][5][2][3][5][6][#4][3][2]

{2}[7]{2}{6}{5}[7][7]{2} {3}{2}{3}{6}{#4}{3}{6}{#4}{3}{2} {2}{3}{2}{3}{5}{#4}{3}{#4}{3}{2}[7]{2}{3}{5}{2} <2>
