(367)1(56) (7)12(7533) (367)1(57) 123(57531)
3 2 1 (3 5 6)
123 (67)13552 123 563 651 (7)1236

(6)1332(7)(7)1(753) (57)2 (57)2 34323
(6)13 653 2321(6) (67)1(7)123(56)
(6)13321(7)1(753) (57)2 (57)2 34323
(6)1365323212 (67)1(7)123(56)

335656767[1]756 67[1]752353
235656767[1]7[13] 656[3]56[1]6

123(67)13521523 656 [1]76

(6)1332(7)(7)1(753) (57)2 (57)2 34323
(6)13 653 2321(6) (67)1(7)123(56)
(6)13321(7)1(753) (57)2 (57)2 34323
(6)1365323212 (67)1(7)123(56)

335656767[1]756 67[1]752353
235656767[1]7[13] 656[3]56[1]6

3 21 (6) (367)1(56) (7)12(7533) (367)1(56) (7)12(7531)
(356)

(67)12 321 21(7)3 67[1] 7673 532(7) 121(6) (5653) (3432)
321 21(7)3 (67)12 3123 5431 2(7)1(6) (5231) 321(7) (66)112323545667[1]
233357[1]7567[12353 6]

335656767[1]756 67[1]752353
235656767[1]7[13] 656[3]56[1]6

135656767[1]756 67[1]752353
235656767[1]7[13] 656[3]56[1]6

3 (67)1352 123563 65[1]7 6
