;;> (7)3#4523 #456#42(7)(7) (7)3#452#4 5672#42(7)(5)
                            3
;;> 7 6 5 (7) 2 3

;;> 567 3#457[2][2]6 567 [2][3]7 [3][2]5 #4567[3]
                     5   56    7  5  6 3
;;>

;;> 35776#4#45#42(7) 2#46 2#46 7[1]767
    3  3  #4 5 5  #4 6    6    6776#4
;;> 357 [3][2]7 67653 3#45#456723
    3   2    (7)6  53    5 6  2 3 3 #45
;;> 357765#45#42(7) 2#46 2#46 7[1]767
          #4        7    [3]  [2] 7
    5 5#45235#45#42(7)
;;> 357[3][2]767656 3#45#456723
    5         6     3  5  #4  3
    5 5#45235667653 55#457667623
;;>

;;> 77[2][3][2][3][#4][3][#4][5][#4][2][3] [3][#4][5][#4][2]67[2]7
    5              #4                       3             7 6 [2]7
;;> 67[2][3][2][3][#4][3][#4][5][#4][5][7] [3][2][3][7][2][3][5][3]
    3 #4    5#4    2     (7)                5 #4  3     #4    3
;;>

;;> 5673#457[2]65[2]67 [3][2][3] [5][#4][3]
                        5  6  3  #4 5 6 7[3]
