32323235 32323[1]75
56111 6111 45652
32323235 32323[1]75
56111 5111 456[1][2]
[3][2][1][2][2][3][3][2][3] [3][2][2][3][3][2][3] [2][2][3][3][2][3][2][1]65
5566[1][1]6[1] [1]66[1][1]6[1] [1][2][3][2][2][1][1]66[3][2]
5[1][2][2][3][3][2][3] [3][2][2][3][3][2][3] [2][2][3][3][2][3][2][1]65
5566[1][1]6[1] [1]66[1][1]6[1] [1][2][3][2][2][1][1]66[3][2] [2][1]6[2][1] 6556 6765

32323235 32323[1]75
56111 5111 456[1][2]
[3][2][1][2][2][3][3][2][3] [3][2][2][3][3][2][3] [2][2][3][3][2][3][2][1]65
5566[1][1]6[1] [1]66[1][1]6[1] [1][2][3][2][2][1][1]66[3][2]
5[1][2][2][3][3][2][3] [3][2][2][3][3][2][3] [2][2][3][3][2][3][2][1]65
5566[1][1]6[1] [1]66[1][1]6[1] [1][2][3][2][2][1][1]66[3][2] [2][1]6[2][1] [2][1][3][2][2][1] 6765

[3][2][1][2][2][3][3][2][3] [3][2][2][3][3][2][3] [2][2][3][3][2][3][2][1]65
5566[1][1]6[1] [1]66[1][1]6[1] [1][2][3][2][2][1][1]66[3][4][3][2]
[5][3][2][2][3][3][2][3] [3][2][2][3][3][2][3] [2][2][3][3][2][3][2][1]65
5566[1][1]6[1] [1]66[1][1]6[1] [1][2][3][2][2][1][1]66[3][2] [2][1]6[2][1] 7[1]7656 [2][1][3][5][3][2][1]
