445666#66 654555#66
5434343211
456#6 243 16#6654
434#6654#66545

445666#66 654555#66
54343434[2][1]
[1]#66[1][1][2]#665 56#6#6[1]654
434#66#624 344

#6#6#6#66365544 4#6656#66#6
[2][2][3][1]#6#6[1]6
[2][2][2][2][#1][2][3] 6[3][4][3][1]4
#6654#66#6[1][1]

[1][1][3][4][4][4][1][1] [1][1][4][5][5][5][1][#1]
[5][6][5][4][4][4][3][4][3][1][2][5]
556#66#6[2][1] #66#6[1][1][5][3][4]
[4][3][1]#66#6[1][2][6][5][4][5]
[1][1][3][4][4][4][1][1] [1][1][4][5][5][5][1][#1]
[5][6][5][4][4][4][3][4][3][1][2][6][6]
#6#6[1][2][1][2][4][3] [3][3][2][#1][#1][6][5][4]
[4][3][1]#66#6[1][2][6][5][4][5]
[4][4][3][4][4]

445666#66 654555#66
54343434[2][1]
[1]#66[1][1][2]#665 56#6#6[1]654
434#66#624 344

#6#6#6#66365544 4#6656#66#6
[2][2][3][1]#6#6[1]6
[2][2][2][2][#1][2][3] 6[3][4][3][1]4
#6654#66#6[1][1]

[1][1][3][4][4][4][1][1] [1][1][4][5][5][5][1][#1]
[5][6][5][4][4][4][3][4][3][1][2][5]
556#66#6[2][1] #66#6[1][1][5][3][4]
[4][3][1]#66#6[1][2][6][5][4][5]
[1][1][3][4][4][4][1][1] [1][1][4][5][5][5][1][#1]
[5][6][5][4][4][4][3][4][3][1][2][6][6]
#6#6[1][2][1][2][4][3] [3][3][2][#1][#1][6][5][4]
[4][3][1]#66#6[1][2][6][5][4][5]
[4][4][3][4][4]

[1][1][3][4][4][4][1][1] [1][1][4][5][5][5][1][#1]
[5][6][5][4][4][4][3][4][3][1][2][5]
556#66#6[2][1] #66#6[1][1][5][3][4]
[4][3][1]#66#6[1][2][6][5][4][5]
[1][1][3][4][4][4][1][1] [1][1][4][5][5][5][1][#1]
[5][6][5][4][4][4][3][4][3][1][2][6][6]
#6#6[1][2][1][2][4][3] [3][3][2][#1][#1][6][5][4]
[4][3][1]#66#6[1][2][6][5][4][5]
[4][4][3][4][4]

