[1][1][1][1]#6 [1][1][1]#6[1][2][4][4]
[4][4][4][4]#6 6#66#6[4]6#6 [4]6#6
#6#6#6[#2][2] #6#6#6[2][1]
[1][1]#6[1]#6 [1][1][1]#6[1][2][4][4]
[4][4][4][4]#6 6#66#6[4]#6#6
[4][5][4] [4][5][5][5][4][4]

[2][#2][4][4][4][4][4][#6][#6]
[2][#2][4][4][4][4]{1}[#6][6][#6]
[#6][#6][5][5] [#6][5][5]
[5][#6]{2}{2} {2}{1}[#6]{1}

[2][2] [2][2][2][2][#2][4][4][4][2][1]#6
#6[5][4][4][#2][4][2][1]#6
#6[#2][2][#2][4][4][2][1]
#6[1] [2][2] [2][2][2][2][#2][4][4][4][5][4][#2][2]
[2][4][#2][2][#2] [4][2][1]#6#6[5]
4[2][1]#66#6

[1][1][1][1]#6 [1][1][1]#6[1][2][4][4]
[4][4][4][4]#6 6#66#6[4]6#6 [4]6#6
#6#6#6[#2][2] [1]#6#6[2][1]
[1][1][1][1]#6 [1][1][1]#6[1][2][4][4]
[4][4][4][4]#6 6#66#6[4]#6#6
[4][5][4] [4][5][5][5][4][4]

[2][#2][4][4][4][4][4][#6][#6]
[2][#2][4][4][4][4]{1}[#6][6][#6]
[#6][#6][5][5] [#6][5][5]
[5][#6]{2}{2} {2}{1}[#6]{1}

[2][2] [2][2][2][2][#2][4][4][4][2][1]#6
#6[5][4][4][#2][4][2][1]#6
#6[#2][2][#2][4][4][2][1]
#6[1] [2][2] [2][2][2][2][#2][4][4][4][5][4][#2][2]
[2][4][#2][2][#2] [4][2][1]#6#6[5]
4[2][1]#66#6

[1][1] [1][1][1][1] [#2][#2][#2][#2][#2] [2][4][2]
[2][1]#65#6[1][2][1]#6
[1][1][1][1][1][2][#2][2][1]#6 #6[4][4]
[4][#2][2][#2][2][1]#6

[2][2] [2][2] [2][#2][4][4][4][2][1]#6
#6[5][4][4][#2][4][2][1]#6
#6[#2][2][#2][4][4][2][1]
#6[1] [2][2] [2][2][2][2][#2][4][4][4][5][4][#2][2]
[2][4][#2][2][#2] [4][2][1]#6#6[5]
4[2][1]#66#6
4[#2][2][1]#6 #6#66#6
