657[2] [3]7[2] 76565 535 567 [3]7[3][2] 76576 5356
657[2] [3][5][3][2] [2][2][3][2] 7665 567[2] [5][#4][3][2] [2][2][3][5] [5][3][5][6]

[2][6][7][7] [7][6][5][3] [6][7][2] 7[2][6][5][5] [5][3][3][2] [2][2][3][5][5] [5][5][3][2] [2][2][3][5][5] [7][6][5][6]
[2][6][7][7] [7][6][5][3] [6][7][2] 7[2][6][5][5] [5][3][3][6][7] [7][6][5][3] [7][6][5][#2] [7][6][5] [5]{3}[5][6] [5][3][5]


657[2] [3]7[2] 76565 535 567 [3]7[3][2] 76576 5356
657[2] [3][5][3][2] [2][2][3][2] 7665 567[2] [5][#4][3][2] [2][2][3][5] [5][3][5][6]

[2][6][7][7] [7][6][5][3] [6][7][2] 7[2][6][5][5] [5][3][3][2] [2][2][3][5][5] [5][5][3][2] [2][2][3][5][5] [7][6][5][6]
[2][6][7][7] [7][6][5][3] [6][7][2] 7[2][6][5][5] [5][3][6][7] [7][6][5][3] [7][6][5][#2] [7][6][5] [5]{3}[5][6] [5][3][5]


[2][6][7][7] [7][6][5][3] [6][7][2] 7[2][6][5][5] [5][3][3][2] [2][2][3][5][5] [6][5][3][2] [2][2][3][5][5] [7]{2}[7][6]
[2][2][6][7][7] [7][6][5][3] [6][7][2] 7[2][6][5][5] [5][3][6][7] [7][6][5][3] [7][6][5][#2] [7][6][5] [5]{3}[5][6] [5][3][5] [5][#4][3][2][1]7 5#456 7[2][3][#4][5][6][7]{2}
