2135 635 32121 1(6)1 1235 6365 32132 1(6)12
2135 6[1]65 5565 3221 1235 [1]765 556[1] [1]6[12]

5[233 321]6 [23]5 35[211 1]665 556[11 21]65 556[11 3212]
5[233 321]6 [23]5 35[211 1]6[23 321]6 [321]#5 [321 1]6[12 1]6[1]


2135 635 32121 1(6)1 1235 6365 32132 1(6)12
2135 6[1]65 5565 3221 1235 [1]765 556[1] [1]6[12]

5[233 321]6 [23]5 35[211 1]665 556[11 21]65 556[11 3212]
5[233 321]6 [23]5 35[211 1]6[23 321]6 [321]#5 [321 1]6[12 1]6[1]


5[233 321]6 [23]5 35[211 1]665 556[11 21]65 556[11 3532]
55[233 321]6 [23]5 35[211 1]6[23 321]6 [321]#5 [321 1]6[12 1]6[1]
