[1][2][4][2][1][2][1]6[1] 56[1]65424
56[1]654521[2][1]6 55565425
[1][2][4][2][1][2][1]6[1] 56[1]65424
56[1]654521[2][1]6 655565424

444[4][3][3][2][2][2][1][2][3]6 66[1][2][2][2][2][1]656
656524 656524
65652[2][1][1][1][2][1][1]65
[1][1][1][4][3][3][2][2][2][1][2][3]6 66[1][2][2][2][2][1]656
656524 656[1]6542
[1][2][1]6565564

[1][2][4][2][1][2][1]6[1] 56[1]65424
56[1]654521[2][1]6 655565424

444[4][3][3][2][2][2][1][2][3]6 66[1][2][2][2][2][1]656
656524 656524
65652[2][1][1][1][2][1][1]65
[1][1][1][4][3][3][2][2][2][1][2][3]6 66[1][2][2][2][2][1]656
656524 656[1]6542
[1][2][1]6565564

[6][6][6][6][#5][#5][#4][#4][#4][3][#4][#5][#1] [#1][#1][3][#4][#4][#4][#4][3][#1]7[#1]
[#1]7[#1]7#46 [#1]7[#1]7#46
[#1]7[#1]7#4[#4][3][3][3][#4][3][3][#1]7
[3][3][3][6][#5][#5][#4][#4][#4][3][#4][#5][#1] [#1][#1][3][#4][#4][#4][#4][3][#1]7[#1]
[#1]7[#1]7#46 [#1]7[#1][3][#1]76#4
[3][#4][3][#1]7[#1]77[#1]6
