(5)1122335 (5)11223
(6)113366[1] (7)3355
14466[1][1][4] 155[1][1][3]
1446[1]6[1]6 [1][1][1][2][2]

[4][4][4][3][3][2][2][1][1]77
[4][4][3][3][2][2][1][1]
6646[1][3][2][2][1][2][3]
[4][4][4][3][3][2][2][1][1]77
[4][4][3][3][2][2][1][1]
6646[1][3][2][2][1][2][3]
[3][3][2][1][1]

(5)1122335 (5)(7)(7)223
(6)113366[1] (7)3355
14466[1][1][4] 155[1][1][3]
1446[1]6[1]6 [1][1][1][2][2]

[4][4][4][3][3][2][2][1][1]77
[4][4][3][3][2][2][1][1]
6646[1][3][2][2][1][2][3]
[4][4][4][3][3][2][2][1][1]77
[4][4][3][3][2][2][1][1]
6646[1][3][2][2][1][2][3]
[3][3][2][1][1]7[2][1]
6655[1][2][2][3]
[5][3][2][1][1]6[5][3]
6[1][3][2][3][4][3][2]
[4][4][4][3][3][2][2][1][1]77
[5][6][5][5][3][2][1][1]
6646[1][3][2][2][1][2][3]
[4][4][4][3][3][2][2][1][1]77
[6][5][3][2][3][2][1][1]
6646[1][3][2][2][1][2][3]
[3][3][2][1][1]
