67[1]7675 65453
67[1]7675[2][2] [3][3][3][2][2]
67[1]7675 654[1]3
67[1]7675[2][2] [3][3][3][4][3][2]

567[1] [1][1] [1][1]7[1][2][2]
[2][2][2] [2][2] 75[1]
[1][1]5[1]5[1][1] [1][1]5[1]5[1][1]
[1][1][2][3][3][3][3][3][4][3][2]

[1][2][3] [3][3][3] [3][3][3] [4][3][2]
77[2] [2][2][2] [2][2][2] [3][2][1]
[1][1][1][5][4][4][3][3][2][2][1] [2][2][1][2]
[1][2][1][4][3][3][2][2][1][1][2] [3][4][3][5][1]
[3][3][3][3] [3][3][3] [4][3][2]
77[5] [5][5][5] [5][5][2] [3][2][1]
66[1][5][4][4][3][3][2][2][1][3][2] 5[3][2][2][1]

67[1]7675 65453
67[1]7675[2][2] [3][3][3][2][2]
67[1]7675 654[1]3
67[1]7675[2][2] [3][3][3][4][3][2]

567[1] [1][1] [1][1]7[1][2][2]
[2][2][2] [2][2] 75[1]
[1][1]5[1]5[1][1] [1][1]5[1]5[1][1]
[1][1][2][3][3][3][3][3][4][3][2]

[#1][#2][4] [4][4][4] [4][4][4] [#4][4][#2]
[1][1][#2] [#2][#2][#2] [#2][#2][#2] [4][#2][#1]
[#1][#1][#1][#5][#4][#4][4][4][#2][#2][#1] [#2][#2][#1][#2]
[#1][#2][#1][#4][4][4][#2][#2][#1][#1][#2] [4][#4][4][#5][#1]
[4][4][4][4] [4][4][4] [#4][4][#2]
[1][1][#5]  [#5][#5][#5] [#5][#5][#2] [4][#2][#1]
#6#6[#1][#5][#4][#4][4][4][#2][#2][#1][4][#2] #5[4][#2][#2][#1]

[#1][#2][#1][4] [4][#4][4][#2] [1][#1][#2] [#2][1][#1]
#5[#1][#1] #5[#1][#1] #5[#1][#1] [#1][#2][4] [#4][4][#4][#5][#1]
[4][4][4][4] [4][4][4] [#4][4][#2]
[1][1][#5] [#5][#5][#5] [#5][#5][#2] [4][#2][#1]
#6#6[#1][#5][#4][#4][4][4][#2][#2][#1][4][#2] #5[4][#2][#2][#1]
