[4][3][4][1][4][6][#6][6][5][4][3][4]{2} [2][3][4][4][5][#6][6][5][6][5][4][4]
[1][1][4][5][4][1] [1][1]#66#6[1][4][5][4][1]
[1][1]#66#6[1][2][2][1][1][4][4] [2][3][4][2][4][5][5]
[1][4][5][4][1] [1][1]#66#6[1][4][5][4][6]
[2][3][4] [4][4][5][4][3][3][4][4]
[2][4][5] [5][6][5][4][#1][4][5] [5][6][5][4][3][4][4]
[2][3][4][1][6][5][5][6][#6]
[#6][#6][#6][#6][6][6][5][5][#6][6][5][5][5][4][3][4]
[6][6][6][6][2][2][1][1][5][4][3][3][2][3][4][2][5]
[#6][#6][#6][#6][6][6][5][5][#6][6][5][5][4][3][4]{2}
[2][3][4][4][5][#6][6][5][6][5][4][4]
[2][3][4][4][5][#6][6][5][6][5][4][4] {4}{4}
