7[1]76 7[1]7653
7[1]76 7[1][2][1]7

67[1]7[1]76[3][2] 67[1]7[1]7673
67[1]7[1]76[3][5] [3][3][2][1][2][1][2][1]7
67[1]7[1]76[3][2] 67[1]7[1]7673
67[1]7[1]76[3][5] [3][3][5][#4][#4][#4][#4][3][#4][#4][3]
[3][3][6][5][6][5][4][6][5] [3][3][3][#4][#4][#4][3][#4][3][2][#4][3]
[3][3][6][5][6][5][4][6][5] [3][3][2][2][2][1]7

[3][2][1]6[1][2][3][5][3][2][1]6653
[1]7656[1][1][5][3] [3][2][1][1][2]67
[3][2][3][2][3][5][6][5][5][5][3][6][5][4][5][4][3]
[2][3][4][3][2] 6[3][2][1] [1][1][1]7777[1]67

7[1]76 7[1]7653
7[1]76 7[1][2][1]7

67[1][1]76[3][2] 67[1]7[1]7673
67[1]7[1]76[3][5] [3][3][2][1][2][1][2][1]7
67[1]7[1]76[3][2] 67[1]7[1]7673
67[1]7[1]76[3][5] [3][3][5][#4][#4][#4][#4][3][#4][#4][3]
[3][3][6][5][6][5][4][6][5] [3][3][3][#4][#4][3][#4][3][2][#4][3]
[3][3][6][5][6][5][4][6][5][3] [3][3][2][2][2][1]7

[3][2][1]6[1][2][3][5][3][2][1]6653
[1]7656[1][1][5][3] [3][2][1][1][2]67
[3][2][3][2][3][5][6][5][5][5][3][6][5][4][5][4][3]
[2][3][4][3][2] 6[3][2][1] [1][1][1]7777[1]67

[3][2][1]6[1][2][3][5][3][2][1]6653
[1]7656 [1][1][5][3] [3][2][1][2][1][2][1]67
[3][2][3][2][3][5][6][5][5][5][3][6][5][4][5][4][3]
[2][3][4][3][2] 6[3][2][1] [1][1][1]7777[1]67
#576 [1][2][3] [3][5][6][5][3][5] [3][2][5][3]
[4][3][2][4] [3][2][1] 767[1]7
6 [1][2][3] [3][5][6][5][3][5] [3][2][5][3]
[4][3][2][4] [3][2][1] 767[1][3]
6 [1][2][3] [3][5][6]{1}[6][5][5][3][2][5][3]
[4][3][2][4] [3][2][1] 767[1]7
6 [1][2][3] [3][5][6][5][4][3]
[4][3][2][4] [3][2][1] 767[1]7
