55555 55555#4#4#4
555 55 55#4#4#4
55555 55555#4#4#4
555 555 5#4#4#4

77655 65
277765 67
2777765 65
26555 6765
55555555 3232 677
223232 677
2225232 677
223232 677

[2]6765 566765 657
66665 657
66665

26765
55552677
277[2]72676565
55555 27665
535

[2]765 66656765
[2]765 2666567653
76 76 765
33 765 765 765 765
[2]765 6665677
[2]765 2666567653
76 76 765
33 765 765 765 765

5656665 666576
565 65 66676
77777 [2]765 6567
66565 6665 66576

66657 337
6566657
657 32327[2]7656
656665666566656765
6656656765

532677 77655
5666 56665 655
525 276567
535

[2]765 66656765
[2]765 2666567653
76 76 765
33 765 765 765 765
[2]765 6665677
[2][2][3][2] 5666567653
76 76 765
33 765 765 765 765

66566666
665666575
6665677
[2][2]765
6566656
6566656765
6566656665
6675
6566656665
65675
6566656665
7[2]765
6566656665
5[2]7657
6566656665
56665675

[2][2][3][2]

[2]765 66656765
[2]765 2666567653
76 76 765
33 765 765 765 765
[2]765 6665677
[2]765 2666567653
76 76 765
33 765 765 765 765

2555
555
555
267655
