11(6)11 (6)12 (7)(5)(5)(3)(5)
11(6)1(6)1 22323
11(6)21 1216 55321
23434 113211

123166 3366 775535
565[1] 66 55 32 165
3456 666#5#5 3[3][2][2][1][1]
6[1]6[1] 6[1]6[1]
56[1][3][3][4][3][2]

56[3] [3][2][2][1]
56[3][3][3][2][2][1][1]
56[3] [3][5][5][3]
[2][1] [2][1][2][1][3]
[1][3] [3][2][2][1]
[1][1][6][5][5][3][2][1]
[1][2][3][4][3][4]
[4][5][1][1][2][1]

123166 3366 775535
565 [1]665 532 165
3456 666#5#5 3[3][2][2][1][1]
6[1]6[1] 6[1]6[1]
56[1][3][3][4][3][2]

56[3] [3][2][2][1]
56[3][3][3][2][2][1][1]
56[3] [3][5][5][3]
[2][1] [2][1][2][1][3]
[1][3] [3][2][2][1]
[1][1][6][5][5][3][2][1]
[1][2][3][4][3][4]
[4][5][1][1][2][1]

[1]7[1][2][2][2][1][1]55
5[3][3] [3][1][1]
[1][2][3][1]7[1]7[1][6]
[5][3][4][4][3][4][5]

56[3] [3][2][2][1]
56[3][3][3][2][2][1][1]
56[3] [3][5][5][3][2][1]
[2][1][2][1][3]
[1][3] [3][2][2][1]
[1][1][6][5][5][3][2][1]
[1][2][3][4][3][4]
[4][5][1][1][2][1]

56[3] [3][2][2][1]
56[6][5][5]7[1]
[1]7[1][1]7[1][4][3][1]
5[1][1][2][1][3]
[3][5][6][5][3][2][1]
56[3] [3][5][2][1]
56[6] [6][5]7[1]
[1][4][3][4][5] [1][1]7[1]

54[1][1] 4455
[1][1]
