67[1]7656545 3432124543
67[1]765[2][1]76 67[1]76#5676

6[2][3][4][3] [3][4][3][2][1]
67[1]767653
6[2][3][4][3] [3][5][4][3][2]
[2][3][4][5][4] [5][4] [5][6]

[6]{2} [6]{1} [6][7][6][5][6]
{1} [6][7] [6][5][3]
[6]{2} [6]{1} [6][7]{1}[7][6]
{1}[7] [7][#5] [#5][6]

{1}[7] {1}[7][6]
{1}[7][6][7][5][3]
{1}[7] {2}{1}[7][6]
{1}[7][6][#5][6][7][6]

6[2][4][3][3][4][3][2]
[4][3][2][3][1]6
6[2][4][3][5][4][3][2]
[2][4][3][4][2][6]

[6]{2} [6]{1} [6][7][6][5][6]
{1} [6][7] [6][5][3]
[6]{2} [6]{1} [6][7]{1}[7][6]
{1}[7] [7][#5] [#5][6]

[6]{2} [6]{1} [6][7]{1}[7][6]
[7]{1}[7] [7][6][#5] [#4][#5][6]
