[#4][3][2][2][6][3][#4][3][2][3][2][#4][#4][3][2]
7[2]7[2]7 67[2][3][#4][5][#4][5][#4][#4][5][#4]
[3][3][2][3]
7[2]7[2]7 [2][3][6][#4]

[2][2][2] 7[2][2][2][2][2] [2][2][3][#4][3][2][2]
[2][2][2] 7[2][2][2][2][2] [2][2][2][3][#4][6][3][2]
[2][3][#4] [2][6][#4][3][2] [2][#1]7

[2][2][2] 7[2][2][2][2][2] [2][2][2][3][#4][3][2][2]
[2][2][2] 7[2][2][2][2][2] [2][2][2][3][#4][6][3][2]
[2][3][#4] [2][6][#4][3][2] [2][#1]7

[2][2]7[2][2][#4][3] [3][#4][3][2][#1]6
77677[2][#1][#1][#1][2][3]
[2][2][#1][2][2][#4][3] [3][#4][3][2][#1]6
77677[2][#1] #67[#1]

{#1}[7][6][6]{3}[7]{#1}[7][6][7][6]{#1}{#1}[7][6]
[#4][6][#4][6][#4] [3][#4][6][7]{#1}{2}{#1}{2}{#1}{#1}{2}{#1}
[7][7][6][7][7]{#1}[7][6]
{3}{#4}{3}{#1}[7][6][#5][6]
{#1}[7][6][6]{3}[7]{#1}[7][6][7][6]{#1}{#1}[7][6]
[#4][6][#4][6][#4] [3][#4][6][7]{#1}{2}{#1}{2}{#1}{#1}{2}{#1}
[7][7][6][7]
[3][6][3][6][#4] [6][7]{3}{#1}
[3][6]{#1}[7][6][6] [3][6]{#1}[7][6][6]
[3][6]{#1}[7][6][6]
[3][6]{#1}[7][6][6] {3}[7]{#1}[7][6][6]
[3][6]{#1}[7][6][6]

[6][6][7][6][#4][3][2][3][#4][3][2][2]
67[2] 67[2] [2][3][#4][3][#4][6][7][6][#4][3]
[6][6][7][6][#4][3][#4][2][2]
67[2] 67[2] [2][3][#4][3][#4][6][7][6][#4][3]
[#4][#4][#4][#4] [6][6][7][6][#4][3][2]
[#4][#4][#4][#4] [6][6][7][6][#4][3][2]
[2][2][2]6[3][3][#4]
[2][6][#4][3][2] [2][#1]7

{#1}[7][6][6]{3}[7]{#1}[7][6][7][6]{#1}{#1}[7][6]
[#4][6][#4][6][#4] [3][#4][6][7]{#1}{2}{#1}{2}{#1}{#1}{2}{#1}
[7][7][6][7][7]{#1}[7][6]
{3}{#4}{3}{#1}[7][6][#5][6]
{#1}[7][6][6]{3}[7]{#1}[7][6][7][6]{#1}{#1}[7][6]
[#4][6][#4][6][#4] [3][#4][6][7]{#1}{2}{#1}{2}{#1}{#1}{2}{#1}
[7][7][6][7]
[3][6][3][6][#4] [6][7]{3}{#1}

[#4][#4][#4][#4][#4] [#4][#4][6][#4][6][6][#4][#4][3][3][#4][3][3][3][#4][3][#4]
[#4][#4][6][#4] [6][6][7][7][6][#4][#4][3][#4][#4][#4]
[6][6] [6][7][6][#4][3][3][#4] {#1}[7][6][7]

{#1}[7][6][6] [6][7][6][6] [7][6][7]{#1}[7][6][6]
[6][6][3][7][6] [6][6][6][6]
[#4][7][6][7]{#1}[7][6][6] [7][6][6]
[6]{3}{3}{#1}{#1}[7][6][6][7][6] {3}[7]{#1}

{#1}[7][6][6]{3}[7]{#1}[7][6][7][6]{#1}{#1}[7][6]
[#4][6][#4][6][#4] [3][#4][6][7]{#1}{2}{#1}{2}{#1}{#1}{2}{#1}
[7][7][6][7][7]{#1}[7][6]
{3}{#4}{3}{#1}[7][6][#5][6]
{#1}[7][6][6]{3}[7]{#1}[7][6][7][6]{#1}{#1}[7][6]
[#4][6][#4][6][#4] [3][#4][6][7]{#1}{2}{#1}{2}{#1}{#1}{2}{#1}
[7][7][6][7]
[3][6][3][6][#4] [6][7]{3}{#1}
[3][6]{#1}[7][6][6] [3][6]{#1}[7][6][6]
[3][6]{#1}[7][6][6]
[3][6]{#1}[7][6][6] {3}[7]{#1}[7][6][6]
[3][6]{#1}[7][6][6]
