23676 23565 23676 23565

23555667 7[2][3][2][2][3][2]7
7[2]666536 3567[2]766
23555667 7[2][3][2][2][3][2]7
7[2]66665323 35666723

[5][#4]7[2][2][2]7[2] 7[2][3][3][3][3][3][2]7[3]
[2][2]5666536 2[2][2][3][2]7[2]
[5][#4]7[2][2][2][2][2]7[3][2] 7[2][3][3][3][3][3][2][5][3]
[3][2]76667[2]76 3567[2]6765

23676 23565 23676 23565

23555667 7[2][3][2][2][3][2]7
7[2]7656653532(7)2(7)(6)(5)(3)
(3)(5)(6)(7)2(7)2353567[2]
7[2]7[2][3][#4][2]7 767
7[2]7[2][3][5][5][3][2]7[2]6532356
[2][3][2]7[2] 7656

23555667 7[2][3][2][2][3][2]7
7[2]666536 3567[2]766
23555667 7[2][3][2][2][3][2]7
7[2]66665323 35666723

[5][#4]7[2][2][2]7[2] 7[2][3][3][3][3][3][2]7[3]
[2][2]5666536 2[2][2][3][2]7[2]
[5][#4]7[2][2][2][2][2]7[3][2] 7[2][3][3][3][3][3][2][5][3]
[3][2]76667[2]76 3567[2]6765

23676 23565 23676 23565
