[2][3][#4][7][6][#4][3][2]6

[2][6][#4][6] [#1][6][#4][6] [#4][6][7][6][2][6][#4][#4]
[3][#4]7[2][#1][7][6][#4][3][2] [3][#4][5][#4][#4][3][2][#4][3]
[2][6][#4][6] [#1][6][#4][6] [#4][6][7][7][6][2][6][#4][#4]
[3][#4]7[2][#1][7][6][#4][2] [3][#4][5][#4][3][2][2][3][2]

[#1][2][3][#4][5][6]

[#4][3][3][2] [2][3][2][3][2][3][6][7][6]
[#4]{2}{2}{#1}{#1}[7][6][6][#4][#4][6][7][6]
[6][7][7][7][7][7][6][6][2][2][2][3][#4]
66[#4][3] [3][3][2][2]7[3]
[#4][3][3][2] [2][3][2][3][2][3][6][7][6]
[#4]{2}{2}{#1}{#1}[7][6][6][#4][#4][6][7][6]
[6][7][7][7][7][7][6][6][2][2][2][3][#4]
66[#4][3] [3][3][#4][5][6][3] [#4]7[3][2]

[6][5] [#4][3][2] [6][6]

[2][6][#4][6] [#1][6][#4][6] [#4][6][7][7][6][2][6][#4][#4]
[3][#4]7[2][#1][7][6][#4][2] [3][#4][5][#4][3][2][2][3][2]

[2][#1][2][3][#4][5][6]

[#4][3][3][2] [2][3][2][3][2][3][6][7][6]
[#4]{2}{2}{#1}{#1}[7][6][6][#4][#4][6][7][6]
[6][7][7][7][7][7][6][6][2][2][2][3][#4]
66[#4][3] [3][3][2][2]7[3]
[#4][3][3][2] [2][3][2][3][2][3][6][7][6]
[#4]{2}{2}{#1}{#1}[7][6][6][#4][#4][6][7][6]
[6][7][7][7][7][7][6][6][2][2][2][3][#4]
66[#4][3] [3][3][#4][5][6][3] [#4]7[3][2]
